0 0 0 0 0 0 0 0 0 0 0 0 0 0 0 
3 0 0 0 0 0 0 0 0 0 0 0 0 0 0 
3.049 -0.0009352 0 -35.41 11 -143.6 20.49 -79.41 11.05 -211.3 20.17 -99.18 7.114 -207.1 15.21 
6.049 -0.0009352 0 -35.41 11 -143.6 20.49 -79.41 11.05 -211.3 20.17 -99.18 7.114 -207.1 15.21 
-3.01 -51.8 0 -34.54 19.5 -144.1 25.88 -79.52 17.13 -211.1 24.36 -99.41 12.01 -206.5 19.18 
-0.01013 -51.8 0 -34.54 19.5 -144.1 25.88 -79.52 17.13 -211.1 24.36 -99.41 12.01 -206.5 19.18 
-28.46 -147.4 0 -31.69 26.14 -146.2 31.72 -80.44 22.69 -213 28.64 -101.6 15.57 -208.4 22.9 
-25.46 -147.4 0 -31.69 26.14 -146.2 31.72 -80.44 22.69 -213 28.64 -101.6 15.57 -208.4 22.9 
-78.78 -280.7 0 -25.93 29.21 -150.6 38.23 -82.41 28.28 -218.2 33.24 -105.9 18.55 -213.7 26.61 
-75.78 -280.7 0 -25.93 29.21 -150.6 38.23 -82.41 28.28 -218.2 33.24 -105.9 18.55 -213.7 26.61 
-155.8 -447.4 0 -17.72 27.35 -156.9 45.46 -85.28 34.24 -226.3 38.3 -112.4 21.8 -222 30.57 
-154.8 -446.1 0 -17.72 27.35 -156.9 45.46 -85.28 34.24 -226.3 38.3 -112.4 21.8 -222 30.57 
-254.9 -617.5 0 -9.595 19.83 -163.1 52.76 -87.93 40.01 -235.2 43.53 -119.7 25.26 -231.3 34.7 
-251.9 -617.5 0 -9.595 19.83 -163.1 52.76 -87.93 40.01 -235.2 43.53 -119.7 25.26 -231.3 34.7 
-320.1 -758.9 0 -5.91 8.943 -166 58.93 -88.34 44.6 -241.1 48.01 -124.6 28.11 -237.7 38.07 
-317.1 -758.9 0 -5.91 8.943 -166 58.93 -88.34 44.6 -241.1 48.01 -124.6 28.11 -237.7 38.07 
-254.2 -867.8 0 -8.521 -5.072 -165.2 64.05 -85.76 48.47 -242.3 51.66 -125.2 30.82 -239.3 40.63 
-251.2 -867.8 0 -8.521 -5.072 -165.2 64.05 -85.76 48.47 -242.3 51.66 -125.2 30.82 -239.3 40.63 
-114.7 -957.6 0 -14.01 -20.82 -162.8 68.84 -81.84 52.26 -241.5 54.82 -123.9 33.97 -238.8 42.7 
-111.7 -957.6 0 -14.01 -20.82 -162.8 68.84 -81.84 52.26 -241.5 54.82 -123.9 33.97 -238.8 42.7 
14.98 -1038 0 -20.25 -38.07 -160.1 73.72 -77.42 56.22 -240.4 57.96 -122.3 38.04 -237.9 44.8 
17.98 -1038 0 -20.25 -38.07 -160.1 73.72 -77.42 56.22 -240.4 57.96 -122.3 38.04 -237.9 44.8 
122.5 -1114 0 -26.69 -57.39 -157.5 78.96 -72.68 60.5 -239.7 61.38 -120.9 43.25 -237.4 47.3 
123.5 -1113 0 -26.69 -57.39 -157.5 78.96 -72.68 60.5 -239.7 61.38 -120.9 43.25 -237.4 47.3 
208.7 -1180 0 -32.81 -77.14 -155.1 84.33 -67.98 64.44 -239.4 65.07 -119.8 48.9 -237.4 50.12 
211.7 -1180 0 -32.81 -77.14 -155.1 84.33 -67.98 64.44 -239.4 65.07 -119.8 48.9 -237.4 50.12 
271.8 -1235 0 -37.95 -94.36 -153.1 89.28 -63.91 67.22 -239.4 68.37 -118.9 54.25 -237.7 52.63 
274.8 -1235 0 -37.95 -94.36 -153.1 89.28 -63.91 67.22 -239.4 68.37 -118.9 54.25 -237.7 52.63 
319.4 -1283 0 -42.47 -109.8 -151.3 93.79 -60.28 69.09 -239.6 71.36 -118.1 59.58 -238.2 55.03 
322.4 -1283 0 -42.47 -109.8 -151.3 93.79 -60.28 69.09 -239.6 71.36 -118.1 59.58 -238.2 55.03 
356.5 -1328 0 -46.71 -124.7 -149.7 97.94 -56.83 70.38 -240 74.28 -117.2 65.11 -238.9 57.64 
359.5 -1328 0 -46.71 -124.7 -149.7 97.94 -56.83 70.38 -240 74.28 -117.2 65.11 -238.9 57.64 
385.5 -1371 0 -50.91 -139.8 -148.2 101.9 -53.37 71.24 -240.6 77.37 -116.4 70.99 -239.7 60.73 
388.5 -1371 0 -50.91 -139.8 -148.2 101.9 -53.37 71.24 -240.6 77.37 -116.4 70.99 -239.7 60.73 
407.7 -1416 0 -55.26 -155.9 -146.7 105.8 -49.74 71.83 -241.4 80.92 -115.5 77.26 -240.8 64.49 
408.7 -1415 0 -55.26 -155.9 -146.7 105.8 -49.74 71.83 -241.4 80.92 -115.5 77.26 -240.8 64.49 
425 -1459 0 -59.6 -172.3 -145.1 109.7 -46.07 72.1 -242.4 84.87 -114.6 83.53 -242.1 68.73 
428 -1459 1.581e-322 -59.6 -172.3 -145.1 109.7 -46.07 72.1 -242.4 84.87 -114.6 83.53 -242.1 68.73 
436.3 -1496 1.581e-322 -63.29 -186.4 -143.8 113 -42.96 71.89 -243.3 88.47 -113.8 88.83 -243.4 72.71 
439.3 -1496 1.581e-322 -63.29 -186.4 -143.8 113 -42.96 71.89 -243.3 88.47 -113.8 88.83 -243.4 72.71 
441.2 -1529 1.581e-322 -66.52 -198.9 -142.7 115.8 -40.28 71.31 -244.2 91.92 -113 93.4 -244.5 76.67 
444.2 -1529 3.162e-322 -66.52 -198.9 -142.7 115.8 -40.28 71.31 -244.2 91.92 -113 93.4 -244.5 76.67 
440.6 -1559 3.162e-322 -69.52 -210.6 -141.7 118.2 -37.82 70.42 -245 95.53 -112.3 97.46 -245.7 80.86 
443.6 -1559 3.162e-322 -69.52 -210.6 -141.7 118.2 -37.82 70.42 -245 95.53 -112.3 97.46 -245.7 80.86 
434.4 -1589 3.162e-322 -72.49 -222.5 -140.8 120.6 -35.42 69.23 -245.9 99.59 -111.6 101.2 -246.8 85.5 
437.4 -1589 3.162e-322 -72.49 -222.5 -140.8 120.6 -35.42 69.23 -245.9 99.59 -111.6 101.2 -246.8 85.5 
422.5 -1620 3.162e-322 -75.62 -235.3 -139.7 123.1 -32.9 67.74 -246.9 104.4 -110.9 104.8 -248.2 90.81 
423.5 -1619 4.743e-322 -75.62 -235.3 -139.7 123.1 -32.9 67.74 -246.9 104.4 -110.9 104.8 -248.2 90.81 
408.1 -1650 4.743e-322 -78.8 -248.5 -138.7 125.6 -30.32 66.04 -247.8 109.5 -110.2 108.2 -249.6 96.57 
411.1 -1650 4.743e-322 -78.8 -248.5 -138.7 125.6 -30.32 66.04 -247.8 109.5 -110.2 108.2 -249.6 96.57 
392.6 -1677 4.743e-322 -81.5 -259.8 -137.7 127.8 -28.22 64.23 -248.7 114.4 -109.7 110.8 -250.9 101.8 
395.6 -1677 6.324e-322 -81.5 -259.8 -137.7 127.8 -28.22 64.23 -248.7 114.4 -109.7 110.8 -250.9 101.8 
374.1 -1700 6.324e-322 -83.86 -270 -136.8 129.8 -26.47 62.3 -249.4 119 -109.2 112.9 -252 106.8 
377.1 -1700 6.324e-322 -83.86 -270 -136.8 129.8 -26.47 62.3 -249.4 119 -109.2 112.9 -252 106.8 
351.8 -1722 6.324e-322 -86.08 -279.7 -135.9 131.9 -24.91 60.19 -250 123.8 -108.9 114.5 -253.1 111.8 
354.8 -1722 6.324e-322 -86.08 -279.7 -135.9 131.9 -24.91 60.19 -250 123.8 -108.9 114.5 -253.1 111.8 
325.7 -1744 6.324e-322 -88.36 -289.9 -134.8 134.2 -23.33 57.89 -250.6 128.9 -108.7 115.8 -254.2 117 
328.7 -1744 7.905e-322 -88.36 -289.9 -134.8 134.2 -23.33 57.89 -250.6 128.9 -108.7 115.8 -254.2 117 
295.8 -1770 7.905e-322 -90.91 -301.1 -133.5 137 -21.53 55.38 -251.3 134.8 -108.5 116.9 -255.5 122.9 
